Med9Marzo,3125,---,4366.0,50357.0,87005.0,59855.0,95912.0,113997.0,94019.0,83952.0,87222.0,26030.0,75.0,9813.0,7667.0,7002.0,11302.0,5699.0,2369.0,1891.0,---,83.0,78.0,91.0,55.0,97.0,237.0,319.0,118.0,35.0,140.0,75.0,128.0,51.0,46.0,53.0,58.0,74.0,43.0,29.33,8.31,2024-03-19 11:55:00.937447,700,64
Med9Marzo,3125,---,4549.0,52361.0,89148.0,62353.0,88181.0,118802.0,93715.0,83542.0,91566.0,23863.0,75.0,10183.0,7743.0,7058.0,10504.0,5965.0,2168.0,1958.0,---,83.0,79.0,94.0,54.0,98.0,226.0,312.0,117.0,38.0,140.0,75.0,124.0,52.0,46.0,53.0,56.0,74.0,41.0,29.67,8.32,2024-03-19 11:55:39.563360,700,64
Med9Marzo,3125,---,4536.0,52165.0,87764.0,62141.0,86561.0,118579.0,93514.0,83230.0,92503.0,23416.0,75.0,10186.0,7817.0,7106.0,10438.0,5986.0,2129.0,1946.0,---,83.0,78.0,91.0,55.0,95.0,228.0,313.0,115.0,38.0,139.0,75.0,125.0,51.0,46.0,53.0,57.0,72.0,43.0,29.67,8.32,2024-03-19 11:56:15.573761,700,64
Med9Marzo,3125,---,4535.0,52197.0,95301.0,56578.0,94868.0,107745.0,93188.0,83319.0,81765.0,25619.0,75.0,9196.0,7639.0,6970.0,11106.0,5348.0,2339.0,1780.0,---,84.0,81.0,92.0,56.0,98.0,239.0,320.0,122.0,36.0,140.0,75.0,129.0,51.0,46.0,53.0,58.0,74.0,43.0,29.67,8.32,2024-03-19 11:57:22.123825,700,64
Med9Marzo,3125,---,4570.0,52480.0,90181.0,62786.0,89409.0,119720.0,93523.0,83443.0,91218.0,24028.0,75.0,10153.0,7749.0,7067.0,10549.0,5957.0,2187.0,1960.0,---,83.0,82.0,91.0,56.0,96.0,233.0,317.0,121.0,34.0,140.0,75.0,129.0,51.0,46.0,53.0,59.0,72.0,43.0,29.67,8.31,2024-03-19 11:57:56.782759,700,64
Med9Marzo,3125,---,4382.0,50344.0,87124.0,60107.0,95743.0,115071.0,93381.0,83243.0,88655.0,25768.0,75.0,9777.0,7814.0,7110.0,11436.0,5756.0,2347.0,1879.0,---,83.0,80.0,92.0,55.0,96.0,231.0,317.0,116.0,33.0,140.0,75.0,123.0,50.0,46.0,53.0,58.0,74.0,42.0,29.67,8.31,2024-03-19 11:58:34.051367,700,64
Med9Marzo,5000,---,4455.0,52072.0,88977.0,61849.0,86589.0,117272.0,90608.0,78197.0,96042.0,20694.0,69.0,9278.0,7875.0,7444.0,11336.0,6372.0,2066.0,1854.0,---,83.0,79.0,91.0,55.0,95.0,228.0,309.0,115.0,36.0,135.0,69.0,125.0,49.0,46.0,53.0,55.0,71.0,43.0,30.33,8.32,2024-03-19 12:01:31.180936,700,64
Med9Marzo,5000,---,4436.0,51844.0,90053.0,61560.0,87339.0,116924.0,90310.0,77805.0,97145.0,20871.0,70.0,9265.0,7956.0,7502.0,11603.0,6403.0,2083.0,1841.0,---,83.0,82.0,91.0,55.0,96.0,226.0,308.0,113.0,38.0,135.0,70.0,125.0,49.0,46.0,53.0,54.0,71.0,43.0,30.33,8.31,2024-03-19 12:02:07.164830,700,64
Med9Marzo,5000,---,4342.0,50800.0,86959.0,60167.0,83993.0,114829.0,88713.0,76318.0,96771.0,20102.0,70.0,9115.0,7915.0,7446.0,11342.0,6339.0,2003.0,1800.0,---,83.0,80.0,91.0,56.0,94.0,224.0,307.0,113.0,34.0,135.0,70.0,125.0,49.0,46.0,53.0,53.0,71.0,43.0,30.33,8.3,2024-03-19 12:02:41.821169,700,64
Med9Marzo,5000,---,4508.0,52651.0,97533.0,57808.0,95923.0,108798.0,91168.0,78709.0,85904.0,22613.0,70.0,8535.0,7760.0,7404.0,12195.0,5762.0,2280.0,1729.0,---,83.0,79.0,91.0,56.0,94.0,228.0,307.0,115.0,36.0,136.0,70.0,124.0,50.0,46.0,52.0,57.0,72.0,42.0,30.33,8.31,2024-03-19 12:03:27.090020,700,64
Med9Marzo,5000,---,4428.0,51782.0,94477.0,56557.0,92700.0,106358.0,89439.0,77100.0,84863.0,21788.0,70.0,8348.0,7690.0,7329.0,11915.0,5676.0,2196.0,1869.0,---,83.0,77.0,91.0,56.0,96.0,228.0,303.0,114.0,35.0,133.0,70.0,125.0,49.0,46.0,53.0,52.0,71.0,43.0,30.33,8.32,2024-03-19 12:04:01.870996,700,64
Med9Marzo,5000,---,4481.0,52392.0,97335.0,57565.0,95227.0,108715.0,90695.0,78117.0,87642.0,22420.0,69.0,8540.0,7868.0,7487.0,12389.0,5835.0,2258.0,1714.0,---,83.0,77.0,91.0,55.0,94.0,221.0,301.0,113.0,33.0,130.0,69.0,124.0,49.0,46.0,53.0,52.0,71.0,43.0,30.33,8.29,2024-03-19 12:04:40.320218,700,64
Med9Marzo,250,---,4799.0,51158.0,87858.0,62329.0,88061.0,121806.0,99655.0,96205.0,116352.0,34029.0,85.0,13527.0,9681.0,7972.0,13376.0,6318.0,2733.0,2240.0,---,92.0,85.0,95.0,61.0,104.0,287.0,334.0,123.0,43.0,176.0,85.0,150.0,56.0,47.0,53.0,63.0,74.0,46.0,30.33,8.27,2024-03-19 12:06:49.529811,700,64
Med9Marzo,250,---,4841.0,52556.0,91007.0,63546.0,91231.0,124936.0,102878.0,99602.0,120128.0,35416.0,85.0,13830.0,9702.0,7991.0,12502.0,6456.0,2517.0,2278.0,---,91.0,85.0,96.0,60.0,104.0,263.0,329.0,123.0,40.0,176.0,85.0,142.0,57.0,47.0,55.0,60.0,74.0,44.0,30.33,8.28,2024-03-19 12:07:25.522262,700,64
Med9Marzo,250,---,4631.0,50308.0,93713.0,56999.0,93790.0,124669.0,102664.0,99350.0,120674.0,36426.0,85.0,13803.0,9744.0,8021.0,12963.0,6476.0,2587.0,2270.0,---,91.0,85.0,95.0,57.0,104.0,259.0,328.0,123.0,39.0,176.0,85.0,140.0,58.0,47.0,55.0,59.0,74.0,43.0,30.33,8.27,2024-03-19 12:08:01.473235,700,64
Med9Marzo,250,---,4864.0,52926.0,93133.0,63912.0,93749.0,125586.0,103173.0,100223.0,119819.0,36389.0,85.0,13850.0,9642.0,7949.0,12690.0,6442.0,2586.0,2299.0,---,87.0,84.0,95.0,57.0,104.0,276.0,335.0,124.0,40.0,181.0,85.0,142.0,57.0,47.0,56.0,60.0,74.0,43.0,30.33,8.29,2024-03-19 12:08:54.738667,700,64
Med9Marzo,250,---,4783.0,52098.0,95142.0,57424.0,95701.0,112723.0,101276.0,98294.0,107961.0,37037.0,85.0,12391.0,9523.0,7856.0,13040.0,5808.0,2631.0,2282.0,---,87.0,83.0,93.0,57.0,104.0,278.0,334.0,122.0,41.0,178.0,85.0,143.0,57.0,46.0,55.0,60.0,74.0,44.0,30.33,8.27,2024-03-19 12:09:29.350475,700,64
Med9Marzo,250,---,4849.0,52708.0,92149.0,63628.0,92451.0,125052.0,102543.0,99454.0,120312.0,35779.0,85.0,13755.0,9695.0,7993.0,12671.0,6464.0,2541.0,2277.0,---,89.0,83.0,93.0,58.0,104.0,271.0,333.0,122.0,40.0,174.0,85.0,143.0,57.0,47.0,55.0,60.0,74.0,44.0,30.67,8.27,2024-03-19 12:10:04.003770,700,64
Med9Marzo,1250,---,4631.0,51556.0,86896.0,62025.0,87088.0,120476.0,97065.0,91039.0,108297.0,29104.0,85.0,11987.0,8785.0,7553.0,11504.0,6239.0,2287.0,2107.0,---,94.0,90.0,104.0,65.0,105.0,265.0,327.0,124.0,41.0,166.0,85.0,144.0,58.0,47.0,56.0,60.0,74.0,44.0,30.67,8.3,2024-03-19 12:11:13.254418,700,64
Med9Marzo,1250,---,4681.0,52009.0,96376.0,59296.0,96391.0,114904.0,97778.0,91621.0,104132.0,32165.0,81.0,11420.0,8932.0,7681.0,12867.0,5993.0,2523.0,2004.0,---,94.0,91.0,105.0,63.0,104.0,257.0,322.0,124.0,41.0,166.0,81.0,143.0,57.0,47.0,55.0,60.0,74.0,44.0,31.0,8.25,2024-03-19 12:11:51.866579,700,64
Med9Marzo,1250,---,4666.0,51835.0,89553.0,62474.0,89346.0,121129.0,97545.0,91304.0,110570.0,29800.0,82.0,12054.0,8979.0,7711.0,12028.0,6349.0,2339.0,2109.0,---,93.0,89.0,104.0,65.0,104.0,256.0,317.0,123.0,42.0,160.0,82.0,141.0,57.0,47.0,55.0,61.0,74.0,44.0,30.33,8.27,2024-03-19 12:12:27.847832,700,64
Med9Marzo,1250,---,4683.0,51979.0,96067.0,59638.0,96499.0,115141.0,99079.0,92780.0,107815.0,32469.0,80.0,11598.0,9376.0,8222.0,13740.0,6392.0,2560.0,2035.0,---,91.0,85.0,96.0,62.0,104.0,254.0,321.0,124.0,41.0,165.0,80.0,137.0,58.0,47.0,56.0,60.0,74.0,44.0,30.67,8.27,2024-03-19 12:13:13.110242,700,64
Med9Marzo,1250,---,4678.0,51857.0,90057.0,62720.0,90260.0,120923.0,98605.0,92233.0,113710.0,30270.0,79.0,12138.0,9409.0,8256.0,12942.0,6746.0,2384.0,2130.0,---,90.0,85.0,96.0,61.0,104.0,248.0,319.0,123.0,40.0,160.0,79.0,134.0,57.0,47.0,53.0,59.0,74.0,44.0,30.67,8.24,2024-03-19 12:13:47.758764,700,64
Med9Marzo,1250,---,4659.0,51722.0,95808.0,57399.0,95889.0,110967.0,98518.0,92088.0,105057.0,32193.0,79.0,11154.0,9449.0,8286.0,13860.0,6221.0,2534.0,1949.0,---,89.0,86.0,96.0,57.0,104.0,241.0,317.0,124.0,41.0,160.0,79.0,131.0,59.0,48.0,56.0,58.0,74.0,43.0,31.0,8.25,2024-03-19 12:14:23.694612,700,64
Med9Marzo,375,---,4934.0,53725.0,98387.0,59342.0,99464.0,114440.0,105622.0,102294.0,102147.0,39096.0,85.0,13007.0,9329.0,7740.0,12641.0,5807.0,2773.0,2153.0,---,89.0,85.0,95.0,63.0,104.0,259.0,338.0,124.0,41.0,176.0,85.0,143.0,58.0,47.0,56.0,60.0,74.0,44.0,30.67,8.25,2024-03-19 12:15:47.556785,700,64
Med9Marzo,375,---,4732.0,51435.0,88372.0,61911.0,88957.0,119196.0,104973.0,101555.0,107731.0,38811.0,85.0,13537.0,9397.0,7795.0,12749.0,6097.0,2748.0,2236.0,---,86.0,84.0,95.0,60.0,104.0,258.0,335.0,124.0,42.0,176.0,85.0,142.0,58.0,47.0,56.0,60.0,74.0,44.0,31.67,8.25,2024-03-19 12:16:26.218080,700,64
Med9Marzo,375,---,4881.0,53048.0,96860.0,57874.0,97444.0,111306.0,104065.0,100522.0,101603.0,38154.0,85.0,12655.0,9410.0,7795.0,12694.0,5726.0,2703.0,2079.0,---,87.0,83.0,95.0,63.0,104.0,253.0,334.0,124.0,41.0,174.0,85.0,141.0,58.0,46.0,56.0,60.0,74.0,44.0,31.33,8.27,2024-03-19 12:16:59.511836,700,64
Med9Marzo,375,---,4784.0,51899.0,95179.0,58401.0,96043.0,111721.0,101399.0,98418.0,110081.0,37665.0,83.0,14065.0,9218.0,7653.0,12077.0,6232.0,2668.0,2339.0,---,92.0,85.0,97.0,64.0,104.0,255.0,323.0,124.0,42.0,170.0,83.0,135.0,58.0,47.0,56.0,60.0,74.0,44.0,31.33,8.27,2024-03-19 12:17:43.466167,700,64
Med9Marzo,375,---,4930.0,53549.0,88474.0,64547.0,88997.0,124025.0,104438.0,101177.0,110722.0,34788.0,83.0,13980.0,9282.0,7706.0,11315.0,6256.0,2460.0,2321.0,---,91.0,85.0,95.0,62.0,104.0,252.0,321.0,124.0,41.0,167.0,83.0,135.0,58.0,47.0,56.0,60.0,74.0,44.0,31.33,8.27,2024-03-19 12:18:19.416280,700,64
Med9Marzo,375,---,4913.0,53341.0,89450.0,64300.0,89785.0,123728.0,104142.0,100812.0,111589.0,35096.0,81.0,13962.0,9356.0,7751.0,11553.0,6277.0,2483.0,2310.0,---,88.0,85.0,96.0,62.0,104.0,244.0,318.0,124.0,40.0,166.0,81.0,134.0,58.0,47.0,56.0,60.0,74.0,44.0,31.33,8.24,2024-03-19 12:18:54.038393,700,64
Med9Marzo,50,---,4746.0,50812.0,84885.0,61755.0,86198.0,121093.0,102138.0,100623.0,119532.0,36347.0,85.0,14305.0,9814.0,8015.0,12090.0,6546.0,2437.0,2296.0,---,84.0,83.0,95.0,57.0,103.0,250.0,325.0,124.0,41.0,176.0,85.0,137.0,58.0,47.0,56.0,60.0,74.0,44.0,31.33,8.22,2024-03-19 12:19:59.305357,700,64
Med9Marzo,50,---,4544.0,48555.0,89982.0,55451.0,91119.0,120475.0,101415.0,99798.0,120141.0,38327.0,85.0,14204.0,9881.0,8074.0,12957.0,6573.0,2565.0,2270.0,---,85.0,83.0,93.0,57.0,101.0,248.0,323.0,123.0,42.0,176.0,85.0,134.0,57.0,47.0,56.0,60.0,74.0,44.0,31.33,8.22,2024-03-19 12:20:33.968903,700,64
Med9Marzo,50,---,4705.0,50319.0,93483.0,58023.0,94375.0,114074.0,101205.0,99482.0,115033.0,39768.0,85.0,13476.0,9960.0,8125.0,13602.0,6269.0,2661.0,2147.0,---,83.0,83.0,93.0,56.0,103.0,244.0,319.0,122.0,40.0,176.0,85.0,134.0,57.0,47.0,54.0,59.0,74.0,44.0,31.33,8.23,2024-03-19 12:21:09.878656,700,64
Med9Marzo,50,---,4551.0,48540.0,84000.0,59187.0,85237.0,115992.0,102240.0,100753.0,115238.0,40242.0,71.0,13723.0,9797.0,7984.0,13356.0,6224.0,2699.0,2213.0,---,107.0,109.0,121.0,67.0,109.0,156.0,211.0,127.0,41.0,136.0,71.0,103.0,59.0,49.0,57.0,59.0,77.0,44.0,31.33,8.21,2024-03-19 12:21:53.844902,700,64
Med9Marzo,50,---,4558.0,48651.0,83763.0,59206.0,84725.0,116245.0,98663.0,97036.0,116695.0,39893.0,69.0,13759.0,9850.0,8036.0,13470.0,6298.0,2673.0,2204.0,---,107.0,107.0,120.0,68.0,108.0,159.0,208.0,125.0,41.0,133.0,69.0,102.0,59.0,49.0,56.0,59.0,76.0,45.0,31.67,8.22,2024-03-19 12:22:32.468177,700,64
Med9Marzo,50,---,4681.0,49905.0,85568.0,60760.0,86296.0,119427.0,101345.0,99475.0,121311.0,36534.0,69.0,14159.0,9936.0,8091.0,12516.0,6523.0,2448.0,2253.0,---,104.0,107.0,120.0,67.0,107.0,159.0,203.0,125.0,42.0,133.0,69.0,102.0,59.0,49.0,55.0,60.0,76.0,45.0,31.33,8.24,2024-03-19 12:23:05.767303,700,64
Med9Marzo,125,---,4937.0,52767.0,98110.0,64322.0,98230.0,124563.0,103559.0,101321.0,117467.0,39941.0,85.0,14318.0,9671.0,7908.0,13117.0,6370.0,2737.0,2324.0,---,85.0,83.0,95.0,56.0,104.0,259.0,334.0,124.0,41.0,176.0,85.0,143.0,57.0,47.0,56.0,60.0,74.0,43.0,31.67,8.22,2024-03-19 12:24:35.000583,700,64
Med9Marzo,125,---,4899.0,52818.0,97864.0,58525.0,98141.0,114531.0,103548.0,101230.0,108887.0,39868.0,85.0,13139.0,9731.0,7951.0,13244.0,5885.0,2731.0,2128.0,---,87.0,83.0,92.0,57.0,103.0,255.0,328.0,123.0,41.0,176.0,85.0,142.0,57.0,47.0,53.0,60.0,74.0,44.0,31.33,8.2,2024-03-19 12:25:13.650919,700,64
Med9Marzo,125,---,4880.0,52681.0,97701.0,58274.0,97827.0,114319.0,103314.0,100861.0,109593.0,39695.0,85.0,13120.0,9785.0,7991.0,13327.0,5904.0,2722.0,2117.0,---,83.0,83.0,92.0,56.0,104.0,253.0,328.0,123.0,41.0,176.0,85.0,141.0,57.0,47.0,56.0,60.0,74.0,44.0,31.67,8.21,2024-03-19 12:25:48.261214,700,64
Med9Marzo,125,---,4762.0,51440.0,95163.0,57834.0,95580.0,112968.0,104441.0,102136.0,118412.0,38774.0,85.0,14408.0,9693.0,7923.0,12722.0,6383.0,2662.0,2340.0,---,83.0,83.0,93.0,58.0,104.0,259.0,330.0,124.0,41.0,176.0,85.0,143.0,57.0,47.0,54.0,60.0,74.0,45.0,31.33,8.22,2024-03-19 12:26:34.912234,700,64
Med9Marzo,125,---,4943.0,52790.0,97873.0,57659.0,97993.0,113134.0,103032.0,100259.0,107978.0,39530.0,84.0,12998.0,9801.0,8004.0,13332.0,5859.0,2760.0,2110.0,---,83.0,82.0,91.0,59.0,101.0,263.0,323.0,123.0,42.0,175.0,84.0,146.0,57.0,46.0,53.0,63.0,74.0,46.0,31.33,8.2,2024-03-19 12:27:44.073915,700,64
Med9Marzo,125,---,4863.0,52617.0,88280.0,63089.0,88038.0,124254.0,103226.0,100668.0,119658.0,35684.0,84.0,14236.0,9799.0,8001.0,12050.0,6420.0,2448.0,2293.0,---,83.0,83.0,91.0,55.0,102.0,245.0,319.0,122.0,40.0,172.0,84.0,135.0,57.0,47.0,53.0,59.0,74.0,44.0,31.33,8.2,2024-03-19 12:28:21.426966,700,64
Med9Marzo,25,---,4788.0,51630.0,95390.0,57922.0,96187.0,113893.0,101610.0,99754.0,120632.0,39465.0,82.0,14310.0,9772.0,8010.0,12961.0,6475.0,2675.0,2352.0,---,83.0,83.0,91.0,56.0,101.0,249.0,326.0,122.0,37.0,174.0,82.0,139.0,57.0,46.0,53.0,60.0,74.0,44.0,31.33,8.2,2024-03-19 12:29:29.302613,700,64
Med9Marzo,25,---,4948.0,53270.0,91877.0,64147.0,92321.0,126069.0,104640.0,102591.0,121188.0,37809.0,82.0,14229.0,9830.0,8061.0,12579.0,6500.0,2561.0,2335.0,---,83.0,83.0,91.0,56.0,100.0,245.0,323.0,122.0,38.0,172.0,82.0,137.0,56.0,46.0,53.0,59.0,74.0,44.0,31.33,8.18,2024-03-19 12:30:03.930953,700,64
Med9Marzo,25,---,4937.0,52556.0,98298.0,64028.0,97786.0,124670.0,103682.0,101516.0,121952.0,40159.0,81.0,14165.0,9928.0,8125.0,13604.0,6516.0,2720.0,2309.0,---,83.0,82.0,92.0,56.0,99.0,241.0,324.0,121.0,40.0,172.0,81.0,136.0,57.0,46.0,53.0,59.0,74.0,44.0,31.67,8.2,2024-03-19 12:31:05.208886,700,64
Med9Marzo,25,---,4956.0,53279.0,98612.0,59560.0,99310.0,116860.0,104740.0,102829.0,111413.0,40670.0,81.0,13216.0,9738.0,7975.0,13371.0,5967.0,2766.0,2174.0,---,83.0,83.0,92.0,56.0,101.0,244.0,319.0,122.0,41.0,176.0,81.0,134.0,56.0,46.0,53.0,59.0,74.0,44.0,31.33,8.18,2024-03-19 12:31:55.961780,700,64
Med9Marzo,25,---,4940.0,53149.0,98485.0,58093.0,98997.0,114074.0,104327.0,102257.0,109328.0,40398.0,79.0,12859.0,9786.0,8021.0,13457.0,5859.0,2742.0,2111.0,---,83.0,83.0,92.0,55.0,101.0,243.0,319.0,122.0,40.0,173.0,79.0,134.0,56.0,46.0,53.0,59.0,74.0,44.0,31.33,8.19,2024-03-19 12:32:29.132700,700,64
Med9Marzo,25,---,4901.0,52744.0,88451.0,63526.0,88572.0,125291.0,103795.0,101638.0,121293.0,36207.0,79.0,14146.0,9823.0,8039.0,12174.0,6475.0,2458.0,2312.0,---,83.0,83.0,92.0,55.0,100.0,235.0,315.0,121.0,39.0,166.0,79.0,134.0,56.0,46.0,53.0,59.0,74.0,44.0,31.67,8.2,2024-03-19 12:33:03.711535,700,64
Med9Marzo,12.5,---,4981.0,53685.0,98854.0,58376.0,100164.0,114191.0,107424.0,105469.0,106382.0,41737.0,79.0,13234.0,9766.0,7952.0,13079.0,5760.0,2830.0,2164.0,---,86.0,85.0,97.0,61.0,104.0,235.0,309.0,123.0,40.0,166.0,79.0,134.0,57.0,47.0,55.0,59.0,74.0,44.0,31.33,8.19,2024-03-19 12:35:16.907630,700,64
Med9Marzo,12.5,---,4769.0,51263.0,94706.0,64427.0,95477.0,125886.0,106834.0,104684.0,119019.0,39710.0,79.0,14613.0,9853.0,8018.0,12679.0,6408.0,2690.0,2376.0,---,86.0,83.0,95.0,60.0,103.0,232.0,308.0,123.0,39.0,166.0,79.0,133.0,57.0,46.0,55.0,59.0,74.0,44.0,31.33,8.18,2024-03-19 12:35:52.854329,700,64
Med9Marzo,12.5,---,4939.0,53180.0,98460.0,57805.0,99013.0,113320.0,106572.0,104245.0,108676.0,41202.0,79.0,13177.0,9963.0,8088.0,13368.0,5817.0,2791.0,2131.0,---,85.0,83.0,95.0,58.0,102.0,228.0,302.0,122.0,39.0,166.0,79.0,126.0,57.0,47.0,54.0,60.0,74.0,44.0,31.33,8.18,2024-03-19 12:36:27.494865,700,64
Med9Marzo,12.5,---,4997.0,53681.0,98998.0,60628.0,100120.0,118140.0,107272.0,105308.0,110284.0,41672.0,79.0,13694.0,9734.0,7941.0,13093.0,5967.0,2821.0,2240.0,---,84.0,83.0,95.0,56.0,102.0,234.0,313.0,122.0,39.0,166.0,79.0,134.0,57.0,46.0,53.0,59.0,74.0,44.0,31.67,8.17,2024-03-19 12:37:11.427787,700,64
Med9Marzo,12.5,---,4978.0,53493.0,92400.0,64576.0,93121.0,126053.0,106700.0,104541.0,118939.0,38604.0,76.0,14571.0,9829.0,8009.0,12348.0,6413.0,2615.0,2371.0,---,84.0,83.0,95.0,56.0,102.0,232.0,310.0,122.0,37.0,166.0,76.0,132.0,56.0,46.0,55.0,59.0,74.0,44.0,32.0,8.17,2024-03-19 12:37:47.348617,700,64
Med9Marzo,12.5,---,4718.0,53201.0,94108.0,64151.0,94543.0,125670.0,106374.0,104074.0,120225.0,39209.0,75.0,14563.0,9934.0,8073.0,12740.0,6444.0,2658.0,2356.0,---,83.0,83.0,95.0,52.0,101.0,231.0,312.0,122.0,38.0,166.0,75.0,133.0,56.0,46.0,53.0,59.0,74.0,44.0,31.33,8.18,2024-03-19 12:38:23.339664,700,64
Med9Marzo,500,---,4726.0,51741.0,88492.0,62086.0,88487.0,121276.0,99492.0,95880.0,112547.0,33239.0,85.0,13042.0,9451.0,7961.0,13250.0,6459.0,2672.0,2200.0,---,85.0,83.0,92.0,59.0,104.0,261.0,322.0,122.0,40.0,172.0,85.0,141.0,57.0,46.0,54.0,60.0,74.0,44.0,31.67,8.17,2024-03-19 12:39:20.572532,700,64
Med9Marzo,500,---,4856.0,52588.0,98124.0,63907.0,97387.0,123224.0,101063.0,97322.0,115404.0,36574.0,85.0,13262.0,9498.0,8004.0,13292.0,6630.0,2639.0,2230.0,---,85.0,83.0,92.0,55.0,104.0,258.0,321.0,122.0,40.0,166.0,85.0,140.0,57.0,47.0,53.0,60.0,74.0,44.0,31.33,8.15,2024-03-19 12:40:12.554957,700,64
Med9Marzo,500,---,4823.0,52597.0,92390.0,63387.0,91806.0,123357.0,101078.0,97178.0,116495.0,34417.0,82.0,13263.0,9561.0,8049.0,12649.0,6666.0,2484.0,2221.0,---,85.0,83.0,93.0,56.0,103.0,252.0,318.0,122.0,41.0,166.0,82.0,138.0,57.0,47.0,54.0,59.0,74.0,43.0,31.33,8.16,2024-03-19 12:40:47.157622,700,64
Med9Marzo,500,---,4675.0,51064.0,88312.0,61507.0,88356.0,119493.0,102037.0,98254.0,112255.0,36881.0,84.0,12868.0,9550.0,8194.0,13702.0,6469.0,2669.0,2172.0,---,84.0,83.0,92.0,57.0,104.0,255.0,318.0,122.0,40.0,167.0,84.0,136.0,57.0,46.0,53.0,59.0,74.0,44.0,31.67,8.15,2024-03-19 12:41:31.108555,700,64
Med9Marzo,500,---,4778.0,52189.0,88187.0,62780.0,88027.0,122146.0,100282.0,96403.0,115219.0,32956.0,80.0,13101.0,9459.0,8124.0,12374.0,6646.0,2646.0,2207.0,---,83.0,83.0,92.0,56.0,101.0,248.0,317.0,121.0,41.0,166.0,80.0,135.0,56.0,46.0,53.0,59.0,74.0,43.0,32.0,8.16,2024-03-19 12:42:05.758154,700,64
Med9Marzo,500,---,4829.0,52703.0,97810.0,59200.0,97532.0,115404.0,101434.0,97432.0,109645.0,36518.0,80.0,12392.0,9636.0,8268.0,13840.0,6310.0,2639.0,2083.0,---,83.0,83.0,92.0,56.0,101.0,246.0,318.0,122.0,41.0,166.0,80.0,134.0,57.0,46.0,53.0,59.0,74.0,43.0,31.67,8.18,2024-03-19 12:42:40.356211,700,64
Med9Marzo,1875,---,4477.0,50071.0,84757.0,60528.0,84977.0,115479.0,94618.0,87433.0,98303.0,26876.0,75.0,11207.0,8413.0,7397.0,12002.0,6006.0,2471.0,2025.0,---,92.0,85.0,101.0,63.0,103.0,238.0,300.0,122.0,39.0,147.0,75.0,133.0,56.0,46.0,53.0,59.0,72.0,44.0,31.67,8.15,2024-03-19 12:43:41.863706,700,64
Med9Marzo,1875,---,4517.0,50445.0,84521.0,61009.0,84469.0,116222.0,95130.0,87775.0,100510.0,26658.0,75.0,11284.0,8447.0,7413.0,10918.0,6108.0,2203.0,2027.0,---,92.0,85.0,100.0,62.0,104.0,231.0,295.0,121.0,38.0,146.0,75.0,131.0,57.0,47.0,53.0,59.0,74.0,43.0,32.33,8.16,2024-03-19 12:44:17.597305,700,64
Med9Marzo,1875,---,4336.0,48399.0,84372.0,58515.0,93518.0,111721.0,95503.0,88013.0,97806.0,29499.0,75.0,10855.0,8586.0,7515.0,12244.0,5909.0,2438.0,1943.0,---,90.0,84.0,100.0,63.0,104.0,229.0,292.0,120.0,39.0,146.0,75.0,126.0,55.0,46.0,53.0,59.0,72.0,43.0,32.0,8.18,2024-03-19 12:44:52.194340,700,64
Med9Marzo,1875,---,4517.0,50478.0,92174.0,55733.0,92734.0,105826.0,95666.0,88376.0,89885.0,29310.0,75.0,10322.0,8310.0,7304.0,11741.0,5507.0,2435.0,1863.0,---,93.0,93.0,105.0,65.0,104.0,236.0,293.0,121.0,40.0,146.0,75.0,132.0,56.0,47.0,53.0,59.0,74.0,43.0,32.0,8.15,2024-03-19 12:45:36.131390,700,64
Med9Marzo,1875,---,4543.0,50677.0,84476.0,61473.0,84566.0,116714.0,95742.0,88253.0,100605.0,26631.0,75.0,11375.0,8456.0,7421.0,10884.0,6132.0,2210.0,2045.0,---,93.0,94.0,105.0,64.0,106.0,229.0,290.0,122.0,39.0,146.0,75.0,126.0,57.0,46.0,53.0,59.0,74.0,43.0,32.0,8.14,2024-03-19 12:46:09.448630,700,64
Med9Marzo,1875,---,4534.0,50556.0,86403.0,61310.0,86310.0,116712.0,95755.0,88181.0,101872.0,27212.0,75.0,11396.0,8560.0,7497.0,11259.0,6176.0,2258.0,2038.0,---,94.0,93.0,105.0,64.0,104.0,225.0,285.0,121.0,38.0,145.0,75.0,125.0,57.0,46.0,53.0,59.0,74.0,43.0,32.0,8.15,2024-03-19 12:46:45.416788,700,64
Med9Marzo,2500,---,4684.0,53151.0,98038.0,60602.0,97842.0,115419.0,98250.0,88850.0,90767.0,28467.0,75.0,10568.0,8052.0,7187.0,11610.0,5716.0,2488.0,1960.0,---,81.0,82.0,91.0,57.0,99.0,236.0,314.0,121.0,38.0,148.0,75.0,132.0,56.0,46.0,53.0,56.0,74.0,44.0,32.0,8.15,2024-03-19 12:47:46.637330,700,64
Med9Marzo,2500,---,4652.0,52864.0,97329.0,57201.0,96929.0,108864.0,97606.0,88195.0,86849.0,28176.0,75.0,9970.0,8101.0,7218.0,11668.0,5436.0,2460.0,1844.0,---,81.0,82.0,91.0,56.0,97.0,228.0,310.0,121.0,39.0,146.0,75.0,127.0,55.0,46.0,53.0,54.0,74.0,43.0,32.33,8.14,2024-03-19 12:48:35.938958,700,64
Med9Marzo,2500,---,4658.0,52816.0,97696.0,60011.0,97007.0,114339.0,97444.0,87908.0,92014.0,28120.0,75.0,10474.0,8173.0,7272.0,11790.0,5734.0,2455.0,1931.0,---,82.0,76.0,91.0,56.0,94.0,228.0,310.0,121.0,40.0,146.0,75.0,126.0,54.0,46.0,53.0,55.0,72.0,43.0,32.0,8.15,2024-03-19 12:49:10.586608,700,64
Med9Marzo,2500,---,4526.0,51360.0,88339.0,61715.0,87992.0,117415.0,98156.0,88769.0,93101.0,28387.0,74.0,10774.0,8072.0,7203.0,11687.0,5844.0,2492.0,1997.0,---,81.0,79.0,91.0,55.0,95.0,228.0,307.0,121.0,37.0,146.0,74.0,125.0,55.0,46.0,53.0,56.0,74.0,43.0,32.0,8.14,2024-03-19 12:49:57.162424,700,64
Med9Marzo,2500,---,4684.0,53059.0,92784.0,63838.0,92213.0,121015.0,97681.0,88175.0,96922.0,26657.0,74.0,11108.0,8113.0,7243.0,11132.0,6064.0,2338.0,2050.0,---,81.0,76.0,91.0,55.0,95.0,228.0,304.0,121.0,39.0,146.0,74.0,126.0,52.0,46.0,52.0,53.0,72.0,43.0,32.33,8.15,2024-03-19 12:50:31.836206,700,64
Med9Marzo,2500,---,4698.0,52164.0,97358.0,63412.0,95921.0,119612.0,96154.0,86320.0,98244.0,27667.0,69.0,11092.0,8287.0,7347.0,11943.0,6120.0,2479.0,2040.0,---,81.0,73.0,89.0,56.0,93.0,231.0,294.0,118.0,38.0,138.0,69.0,131.0,50.0,45.0,52.0,55.0,70.0,45.0,32.33,8.13,2024-03-19 12:51:59.704238,700,64
Med9Marzo,2000,---,4745.0,53585.0,99025.0,60994.0,99177.0,116708.0,99191.0,90759.0,94676.0,29725.0,75.0,10822.0,8364.0,7363.0,11975.0,5777.0,2528.0,1986.0,---,84.0,82.0,91.0,57.0,100.0,252.0,321.0,122.0,40.0,154.0,75.0,135.0,56.0,46.0,53.0,59.0,74.0,44.0,32.0,8.15,2024-03-19 12:53:00.956534,700,64
Med9Marzo,2000,---,4720.0,53301.0,98101.0,58066.0,98126.0,110815.0,98466.0,89986.0,90645.0,29335.0,75.0,10273.0,8371.0,7371.0,11963.0,5518.0,2495.0,1881.0,---,83.0,83.0,91.0,56.0,101.0,249.0,315.0,121.0,39.0,154.0,75.0,133.0,56.0,46.0,53.0,59.0,74.0,44.0,32.33,8.12,2024-03-19 12:53:38.227425,700,64
Med9Marzo,2000,---,4650.0,52476.0,88944.0,63250.0,88730.0,120944.0,96949.0,88498.0,99546.0,26480.0,75.0,11205.0,8299.0,7296.0,10891.0,6040.0,2505.0,2046.0,---,83.0,83.0,92.0,56.0,100.0,245.0,315.0,121.0,37.0,153.0,75.0,133.0,56.0,46.0,53.0,59.0,74.0,43.0,32.33,8.14,2024-03-19 12:54:12.846367,700,64
Med9Marzo,2000,---,4535.0,53693.0,99239.0,61740.0,99343.0,118072.0,98672.0,90246.0,95839.0,29540.0,75.0,10892.0,8364.0,7361.0,11998.0,5827.0,2519.0,2001.0,---,83.0,82.0,91.0,56.0,100.0,244.0,308.0,122.0,38.0,150.0,75.0,135.0,56.0,46.0,53.0,59.0,74.0,44.0,32.33,8.11,2024-03-19 12:54:56.819538,700,64
Med9Marzo,2000,---,4542.0,51245.0,94825.0,64689.0,94729.0,123502.0,98312.0,89773.0,100668.0,28059.0,75.0,11346.0,8399.0,7391.0,11515.0,6119.0,2391.0,2080.0,---,82.0,82.0,91.0,56.0,100.0,244.0,308.0,121.0,40.0,149.0,75.0,133.0,56.0,46.0,53.0,59.0,74.0,44.0,32.33,8.13,2024-03-19 12:55:30.115433,700,64
Med9Marzo,2000,---,4533.0,51169.0,99075.0,61696.0,98869.0,118074.0,98208.0,89600.0,96821.0,29267.0,75.0,10851.0,8434.0,7420.0,12094.0,5871.0,2499.0,1990.0,---,82.0,82.0,91.0,56.0,100.0,239.0,306.0,120.0,40.0,146.0,75.0,133.0,56.0,46.0,53.0,58.0,72.0,43.0,32.33,8.15,2024-03-19 12:56:03.419392,700,64
Med9Marzo,0,---,4909.0,52842.0,97788.0,58061.0,99548.0,114714.0,106559.0,104350.0,113380.0,41206.0,85.0,13318.0,10137.0,8184.0,13785.0,5954.0,2807.0,2141.0,---,86.0,83.0,93.0,58.0,104.0,253.0,329.0,122.0,36.0,176.0,85.0,142.0,57.0,47.0,56.0,60.0,74.0,44.0,32.33,8.14,2024-03-19 12:57:06.024399,700,64
Med9Marzo,0,---,4803.0,51585.0,93381.0,57666.0,94819.0,113603.0,103145.0,100933.0,113153.0,39039.0,85.0,13147.0,10172.0,8224.0,13263.0,6604.0,2650.0,2340.0,---,86.0,83.0,93.0,57.0,104.0,246.0,327.0,122.0,40.0,176.0,85.0,137.0,56.0,47.0,55.0,60.0,74.0,44.0,32.33,8.11,2024-03-19 12:57:39.285431,700,64
Med9Marzo,0,---,4894.0,52513.0,89205.0,63796.0,90254.0,125962.0,105469.0,102979.0,126493.0,37143.0,82.0,14610.0,10226.0,8260.0,12743.0,6621.0,2531.0,2331.0,---,87.0,85.0,95.0,53.0,104.0,231.0,326.0,126.0,38.0,178.0,82.0,126.0,58.0,48.0,56.0,57.0,75.0,41.0,32.33,8.11,2024-03-19 12:58:12.593150,700,64
Med9Marzo,0,---,4914.0,52847.0,97958.0,60205.0,99425.0,118700.0,104381.0,102604.0,117614.0,40640.0,84.0,13639.0,10118.0,8199.0,13828.0,6287.0,2774.0,2199.0,---,88.0,83.0,92.0,64.0,104.0,258.0,331.0,122.0,42.0,181.0,84.0,142.0,56.0,46.0,55.0,60.0,74.0,44.0,32.33,8.13,2024-03-19 12:58:56.545226,700,64
Med9Marzo,0,---,4863.0,52348.0,96328.0,57598.0,97582.0,113783.0,103229.0,101227.0,112886.0,39711.0,85.0,13008.0,10075.0,8169.0,13672.0,6050.0,2703.0,2088.0,---,86.0,83.0,93.0,61.0,104.0,253.0,325.0,122.0,41.0,176.0,85.0,141.0,56.0,47.0,53.0,59.0,74.0,44.0,32.67,8.13,2024-03-19 12:59:29.801734,700,64
Med9Marzo,0,---,4884.0,52540.0,97759.0,59974.0,98689.0,118936.0,103854.0,101705.0,119277.0,40206.0,84.0,13620.0,10232.0,8287.0,13992.0,6368.0,2737.0,2177.0,---,83.0,83.0,92.0,60.0,103.0,252.0,324.0,121.0,40.0,174.0,84.0,141.0,56.0,46.0,55.0,59.0,74.0,44.0,32.33,8.13,2024-03-19 13:00:04.446150,700,64
Med9Marzo,750,---,4829.0,53420.0,99314.0,59341.0,99630.0,116868.0,101878.0,96611.0,105012.0,34936.0,79.0,11960.0,9166.0,7731.0,12932.0,5838.0,2641.0,2044.0,---,85.0,83.0,93.0,56.0,104.0,254.0,321.0,122.0,39.0,166.0,79.0,134.0,57.0,46.0,53.0,59.0,74.0,43.0,32.33,8.13,2024-03-19 13:01:08.377084,700,64
Med9Marzo,750,---,4829.0,53315.0,99199.0,60408.0,99294.0,118610.0,101398.0,96018.0,107158.0,34706.0,79.0,12123.0,9186.0,7759.0,12982.0,5959.0,2624.0,2072.0,---,84.0,83.0,92.0,55.0,101.0,251.0,318.0,122.0,37.0,166.0,79.0,134.0,55.0,46.0,53.0,59.0,74.0,44.0,32.33,8.1,2024-03-19 13:01:43.074063,700,64
Med9Marzo,750,---,4608.0,50872.0,99100.0,61216.0,99045.0,120275.0,101176.0,95756.0,109198.0,34584.0,79.0,12300.0,9218.0,7774.0,13024.0,6060.0,2618.0,2095.0,---,84.0,82.0,92.0,56.0,101.0,249.0,317.0,122.0,39.0,163.0,79.0,134.0,55.0,46.0,53.0,59.0,74.0,44.0,32.67,8.14,2024-03-19 13:02:16.260638,700,64
Med9Marzo,750,---,4722.0,52195.0,89360.0,62817.0,89579.0,123446.0,99520.0,94314.0,111244.0,31351.0,79.0,12643.0,8958.0,7729.0,12941.0,6178.0,2640.0,2160.0,---,85.0,83.0,92.0,56.0,103.0,256.0,323.0,121.0,41.0,165.0,79.0,139.0,56.0,46.0,55.0,59.0,74.0,43.0,32.33,8.11,2024-03-19 13:03:05.569305,700,64
Med9Marzo,750,---,4830.0,53286.0,91380.0,64258.0,91469.0,125962.0,101347.0,95897.0,113855.0,31887.0,79.0,12857.0,9186.0,7756.0,11957.0,6328.0,2414.0,2193.0,---,85.0,83.0,92.0,55.0,103.0,249.0,324.0,122.0,36.0,166.0,79.0,133.0,56.0,46.0,53.0,58.0,74.0,43.0,32.33,8.12,2024-03-19 13:03:38.861583,700,64
Med9Marzo,750,---,4714.0,52062.0,89173.0,62694.0,89123.0,123164.0,99115.0,93797.0,111876.0,31097.0,76.0,12580.0,9021.0,7771.0,13023.0,6207.0,2619.0,2144.0,---,82.0,82.0,91.0,56.0,100.0,251.0,320.0,121.0,39.0,162.0,76.0,134.0,55.0,46.0,53.0,59.0,74.0,43.0,32.67,8.1,2024-03-19 13:04:13.460840,700,64
